33.89 8.27 9.133 7.39
31.80 8.79 9.73 7.8
31.35 10.76 12.144 9.04
63.03 9.24 10.63 7.59
80.63 5.80 6.49 4.98
32.93 12.04 13.513 10.29
39.06 7.82 8.575 7.02
86.98 9.95 11.422 8.04
62.48 8.49 9.566 7.29
229.33 8.56 10.022 6.43
85.10 8.20 9.61 6.5
49.30 5.98 6.667 5.24
39.00 5.70 6.219 5.12
56.92 12.17 13.72 9.73
72.98 6.07 6.822 5.27
30.76 8.70 9.498 7.86
36.18 7.04 7.664 6.35
33.60 2.07 2.032 2.17
45.64 10.73 12.19 8.88
30.26 6.21 6.714 5.63
31.34 8.57 9.455 7.68
42.82 11.73 13.223 9.83
59.89 2.28 2.66 1.88
39.19 10.86 12.278 9.14
52.94 4.89 5.377 4.3
35.69 9.50 10.754 8.08
45.85 5.24 5.699 4.71
38.88 8.73 9.775 7.63
34.54 11.67 13.15 9.72
49.18 7.22 7.995 6.4
37.30 12.49 13.89 10.82
36.74 10.77 12.214 8.99
51.12 11.14 12.696 8.68
191.86 11.49 13.24 8.48
41.32 11.58 13.227 8.86
56.76 6.59 7.339 5.8
49.91 11.79 13.275 9.81
44.82 12.38 13.91 10.08
43.45 6.84 7.495 6.08
66.71 8.99 10.36 7.38
42.65 11.54 13.045 9.43
38.24 6.51 7.109 5.84
61.67 10.88 12.359 8.78
280.27 8.09 9.65 5.61
42.67 6.47 7.144 5.76
48.17 9.90 11.218 8.38
31.24 10.93 12.305 9.31
33.85 12.46 12.46 12.46
40.25 6.97 7.61 6.27
116.38 4.23 4.806 3.58
39.31 11.67 13.16 9.66
46.72 9.30 9.662 8.88
31.49 7.91 8.725 7.07
43.42 9.19 10.544 7.87
55.68 10.41 11.885 8.49
50.10 12.21 13.747 9.86
54.91 11.16 12.645 9.18
44.57 8.30 9.188 7.34
49.05 6.39 7.049 5.69
44.97 8.74 9.815 7.6
47.40 11.87 13.386 9.68
50.71 11.31 12.772 9.45
55.53 7.92 8.86 6.93
36.15 7.27 7.951 6.53
133.78 2.82 3.438 2.14
42.51 3.93 4.105 3.73
42.14 2.40 3.483 1.29
61.39 10.52 11.979 8.67
31.01 6.44 7.034 5.82
36.36 10.63 11.989 9.04
38.85 9.65 11.017 8.05
98.74 10.27 11.79 8.21
39.03 5.57 6.042 5.02
34.52 8.02 8.89 7.11
34.04 8.55 9.404 7.65
47.51 5.20 5.767 4.56
34.30 7.45 8.176 6.68
64.38 5.57 6.285 4.79
43.40 10.48 11.904 8.75
32.19 3.27 4.538 2.04
90.03 5.88 6.73 5.05
30.52 10.50 11.643 9.26
30.95 6.38 6.931 5.76
43.64 11.41 12.886 9.37
39.26 5.89 6.454 5.24
35.02 6.14 6.858 5.33
38.65 7.02 7.64 6.33
57.90 7.36 8.297 6.38
30.07 10.67 11.846 9.53
50.29 10.58 12.012 8.83
30.82 8.45 9.298 7.59
42.03 10.37 11.83 8.63
35.58 11.55 12.99 9.78
48.16 8.73 9.86 7.51
34.04 2.04 3.059 1.04
30.58 7.78 8.444 7.05
45.76 6.55 7.205 5.83
35.92 5.22 5.57 4.8
45.43 8.03 9.013 7.01
31.39 6.15 6.753 5.48
66.92 5.80 6.435 5.08
62.41 7.89 9.141 6.47
35.74 7.57 8.392 6.71
38.91 12.05 13.556 9.93
134.04 5.74 6.63 4.77
41.80 5.07 5.572 4.5
46.32 10.76 12.186 9.02
167.99 3.46 4.047 2.8
226.95 12.37 12.924 11.88
53.09 7.15 7.919 6.33
46.47 7.75 8.65 6.81
35.95 9.50 10.657 8.24
64.69 5.17 5.684 4.58
83.20 12.01 12.01 12.01
45.27 6.98 7.643 6.26
45.71 9.22 10.414 7.9
54.23 10.66 12.023 9.07
65.81 8.95 10.24 7.46
33.90 11.53 12.97 9.76
36.34 11.80 13.265 10.27
71.01 7.15 8.086 6.15
53.85 4.80 5.34 4.19
42.61 11.92 13.41 10.41
38.16 11.11 12.545 9.35
33.92 7.41 8.062 6.69
39.56 12.38 13.85 10.19
32.77 9.42 10.583 8.15
41.73 11.13 12.56 9.38
41.45 9.12 10.145 8.05
34.40 10.77 12.07 9.14
51.66 9.50 10.799 7.99
76.32 11.77 13.328 9.19
30.39 9.96 11.067 8.77
32.06 10.49 11.716 9.01
46.22 10.06 11.425 8.46
46.61 8.16 9.168 7.11
31.35 7.91 8.709 7.07
122.77 9.98 11.481 7.9
99.44 9.56 11.023 7.7
38.73 7.67 8.426 6.87
61.23 11.36 12.95 8.78
31.96 10.89 12.027 9.66
38.99 9.78 10.974 8.43
34.39 10.02 11.3 8.56
37.60 8.66 9.857 7.33
45.24 11.45 12.923 9.54
33.98 8.84 9.765 7.85
66.46 9.00 10.289 7.52
34.85 10.66 12.056 9
48.20 8.41 9.532 7.2
30.84 7.61 8.32 6.85
132.40 5.17 5.874 4.34
35.99 10.56 11.816 9.14
46.11 12.38 13.91 10.08
122.86 9.80 11.368 7.28
37.34 7.66 8.39 6.88
269.05 12.10 13.95 8.95
31.12 8.71 9.641 7.73
45.40 9.55 10.817 8.11
32.62 9.82 11.04 8.64
41.01 5.14 5.588 4.6
60.76 11.16 12.797 8.47
47.36 7.22 8.22 6.2
66.43 4.97 5.541 4.35
48.94 4.25 4.73 3.7
37.71 7.55 8.303 6.75
42.30 6.59 7.184 5.93
44.03 10.10 11.453 8.52
33.68 6.52 7.083 5.89
60.61 11.31 12.82 9.16
41.14 10.80 12.247 9.01
33.18 9.75 10.758 8.6
65.30 11.02 12.498 9.08
45.22 11.78 13.22 9.54
36.16 8.00 8.78 7.15
31.10 8.69 9.566 7.74
34.73 7.57 8.272 6.82
30.08 7.21 7.796 6.55
52.71 10.36 11.7 8.81
34.78 8.46 9.376 7.5
37.85 10.70 12.12 8.98
41.44 9.67 10.962 8.19
59.29 10.15 11.533 8.39
42.73 11.48 13.107 8.81
59.46 7.17 7.996 6.3
32.13 8.76 9.73 7.74
39.07 6.96 7.587 6.27
37.10 10.30 11.595 8.81
33.09 7.85 8.75 7
30.57 12.01 12.01 12.01
31.77 8.39 9.174 7.57
30.24 8.49 9.402 7.58
37.93 9.80 11.22 8.08
32.81 2.66 2.82 2.47
38.35 5.35 5.745 4.89
33.59 7.96 8.698 7.18
35.33 4.83 5.251 4.34
43.16 7.74 8.706 6.73
34.19 5.82 6.309 5.26
56.42 11.16 12.652 9.14
