0.000000 20.000000 20.000000 1.507263
0.000999 19.875095 20.312262 1.507308
0.001998 19.750195 20.624511 1.507205
0.002997 19.625306 20.936736 1.507144
0.003996 19.500430 21.248924 1.507038
0.004995 19.375575 21.561063 1.506868
0.005994 19.250744 21.873140 1.506650
0.006993 19.125942 22.185144 1.506403
0.007992 19.001176 22.497061 1.506143
0.008991 18.876448 22.808880 1.505756
0.009990 18.751765 23.120589 1.505415
0.010989 18.627130 23.432174 1.505006
0.011988 18.502550 23.743624 1.504578
0.012987 18.378029 24.054927 1.504072
0.013986 18.253572 24.366070 1.503613
0.014985 18.129184 24.677041 1.503022
0.015984 18.004869 24.987827 1.502398
0.016983 17.880633 25.298417 1.501721
0.017982 17.756481 25.608799 1.500994
0.018981 17.632416 25.918959 1.500281
0.019980 17.508446 26.228886 1.499544
0.020979 17.384573 26.538568 1.498566
0.021978 17.260803 26.847992 1.496500
0.022977 17.137141 27.157146 1.494285
0.023976 17.013592 27.466019 1.492326
0.024975 16.890161 27.774597 1.490770
0.025974 16.766852 28.082869 1.490022
0.026973 16.643671 28.390822 1.490022
0.027972 16.520622 28.698445 1.490022
0.028971 16.397710 29.005725 1.490022
0.029970 16.274940 29.312650 1.490022
0.030969 16.152317 29.619209 1.490022
0.031968 16.029845 29.925388 1.490022
0.032967 15.907529 30.231176 1.490022
0.033966 15.785375 30.536562 1.490022
0.034965 15.663387 30.841532 1.490022
0.035964 15.541570 31.146075 1.490022
0.036963 15.419929 31.450178 1.490022
0.037962 15.298468 31.753831 1.490022
0.038961 15.177192 32.057021 1.490022
0.039960 15.056106 32.359735 1.490022
0.040959 14.935215 32.661963 1.490022
0.041958 14.814523 32.963691 1.490022
0.042957 14.694036 33.264909 1.490022
0.043956 14.573758 33.565605 1.490022
0.044955 14.453694 33.865765 1.490022
0.045954 14.333848 34.165380 1.490022
0.046953 14.214226 34.464436 1.490022
0.047952 14.094831 34.762923 1.490022
0.048951 13.975669 35.060828 1.490022
0.049950 13.856744 35.358139 1.490022
0.050949 13.738062 35.654845 1.490022
0.051948 13.619626 35.950935 1.490022
0.052947 13.501442 36.246396 1.490022
0.053946 13.383513 36.541217 1.490022
0.054945 13.265845 36.835386 1.490022
0.055944 13.148443 37.128892 1.490022
0.056943 13.031311 37.421723 1.490022
0.057942 12.914453 37.713868 1.490022
0.058941 12.797874 38.005315 1.490022
0.059940 12.681579 38.296052 1.490022
0.060939 12.565572 38.586069 1.490022
0.061938 12.449859 38.875353 1.490022
0.062937 12.334443 39.163894 1.490022
0.063936 12.219328 39.451679 1.490022
0.064935 12.104521 39.738698 1.490022
0.065934 11.990024 40.024940 1.490022
0.066933 11.875843 40.310392 1.490022
0.067932 11.761982 40.595045 1.490022
0.068931 11.648446 40.878885 1.490022
0.069930 11.535239 41.161904 1.490022
0.070929 11.422365 41.444088 1.490022
0.071928 11.309829 41.725428 1.490022
0.072927 11.197635 42.005911 1.490022
0.073926 11.085789 42.285528 1.490022
0.074925 10.974293 42.564266 1.490022
0.075924 10.863154 42.842116 1.490022
0.076923 10.752374 43.119065 1.490022
0.077922 10.641958 43.395104 1.490022
0.078921 10.531912 43.670221 1.490022
0.079920 10.422238 43.944405 1.490022
0.080919 10.312941 44.217646 1.490022
0.081918 10.204027 44.489933 1.490022
0.082917 10.095498 44.761255 1.490022
0.083916 9.987360 45.031601 1.490022
0.084915 9.879615 45.300961 1.490022
0.085914 9.772270 45.569324 1.490022
0.086913 9.665328 45.836680 1.490022
0.087912 9.558793 46.103018 1.490022
0.088911 9.452669 46.368328 1.490022
0.089910 9.346961 46.632598 1.490022
0.090909 9.241672 46.895819 1.490022
0.091908 9.136808 47.157981 1.490022
0.092907 9.032371 47.419072 1.490022
0.093906 8.928367 47.679083 1.490022
0.094905 8.824798 47.938004 1.490022
0.095904 8.721670 48.195824 1.490022
0.096903 8.618987 48.452533 1.490022
0.097902 8.516752 48.708121 1.490022
0.098901 8.414969 48.962578 1.490022
0.099900 8.313642 49.215894 1.490022
0.100899 8.212777 49.468059 1.490022
0.101898 8.112375 49.719062 1.490022
0.102897 8.012442 49.968895 1.490022
0.103896 7.912981 50.217547 1.490022
0.104895 7.813997 50.465009 1.490022
0.105894 7.715492 50.711270 1.490022
0.106893 7.617472 50.956321 1.490022
0.107892 7.519939 51.200152 1.490022
0.108891 7.422898 51.442755 1.490022
0.109890 7.326353 51.684118 1.490022
0.110889 7.230307 51.924233 1.490022
0.111888 7.134764 52.163090 1.490022
0.112887 7.039728 52.400681 1.490022
0.113886 6.945202 52.636994 1.490022
0.114885 6.851191 52.872022 1.490022
0.115884 6.757698 53.105754 1.490022
0.116883 6.664727 53.338182 1.490022
0.117882 6.572281 53.569297 1.490022
0.118881 6.480364 53.799089 1.490022
0.119880 6.388980 54.027549 1.490022
0.120879 6.298132 54.254669 1.490022
0.121878 6.207824 54.480439 1.490022
0.122877 6.118060 54.704851 1.490022
0.123876 6.028842 54.927895 1.490022
0.124875 5.940175 55.149563 1.490022
0.125874 5.852062 55.369846 1.490022
0.126873 5.764506 55.588736 1.490022
0.127872 5.677511 55.806223 1.490022
0.128871 5.591080 56.022300 1.490022
0.129870 5.505217 56.236957 1.490022
0.130869 5.419925 56.450187 1.490022
0.131868 5.335208 56.661981 1.490022
0.132867 5.251068 56.872330 1.490022
0.133866 5.167510 57.081226 1.490022
0.134865 5.084535 57.288662 1.490022
0.135864 5.002149 57.494628 1.490022
0.136863 4.920353 57.699117 1.490022
0.137862 4.839152 57.902121 1.490022
0.138861 4.758548 58.103631 1.490022
0.139860 4.678544 58.303640 1.490022
0.140859 4.599144 58.502140 1.490022
0.141858 4.520351 58.699123 1.490022
0.142857 4.442167 58.894581 1.490022
0.143856 4.364597 59.088507 1.490022
0.144855 4.287643 59.280893 1.490022
0.145854 4.211308 59.471731 1.490022
0.146853 4.135594 59.661014 1.490022
0.147852 4.060506 59.848734 1.490022
0.148851 3.986046 60.034885 1.490022
0.149850 3.912217 60.219458 1.490022
0.150849 3.839022 60.402446 1.490022
0.151848 3.766463 60.583843 1.490022
0.152847 3.694544 60.763640 1.490022
0.153846 3.623267 60.941832 1.490022
0.154845 3.552636 61.118410 1.490022
0.155844 3.482653 61.293368 1.490022
0.156843 3.413320 61.466700 1.490022
0.157842 3.344641 61.638397 1.490022
0.158841 3.276618 61.808455 1.490022
0.159840 3.209254 61.976864 1.490022
0.160839 3.142552 62.143620 1.490022
0.161838 3.076514 62.308716 1.490022
0.162837 3.011142 62.472145 1.490022
0.163836 2.946440 62.633900 1.490022
0.164835 2.882410 62.793975 1.490022
0.165834 2.819054 62.952365 1.490022
0.166833 2.756375 63.109062 1.490022
0.167832 2.694376 63.264061 1.490022
0.168831 2.633058 63.417355 1.490022
0.169830 2.572425 63.568938 1.490022
0.170829 2.512478 63.718805 1.490022
0.171828 2.453220 63.866950 1.490022
0.172827 2.394654 64.013366 1.490022
0.173826 2.336781 64.158048 1.490022
0.174825 2.279604 64.300990 1.490022
0.175824 2.223125 64.442186 1.490022
0.176823 2.167347 64.581632 1.490022
0.177822 2.112271 64.719321 1.490022
0.178821 2.057901 64.855249 1.490022
0.179820 2.004237 64.989409 1.490022
0.180819 1.951282 65.121796 1.490022
0.181818 1.899038 65.252406 1.490022
0.182817 1.847507 65.381233 1.490022
0.183816 1.796691 65.508272 1.490022
0.184815 1.746593 65.633517 1.490022
0.185814 1.697214 65.756965 1.490022
0.186813 1.648556 65.878610 1.490022
0.187812 1.600621 65.998448 1.490022
0.188811 1.553411 66.116473 1.490022
0.189810 1.506928 66.232681 1.490022
0.190809 1.461173 66.347068 1.490022
0.191808 1.416149 66.459628 1.490022
0.192807 1.371857 66.570358 1.490022
0.193806 1.328299 66.679254 1.490022
0.194805 1.285476 66.786310 1.490022
0.195804 1.243391 66.891523 1.490022
0.196803 1.202045 66.994888 1.490022
0.197802 1.161439 67.096402 1.490022
0.198801 1.121576 67.196060 1.490022
0.199800 1.082457 67.293858 1.490022
0.200799 1.044083 67.389794 1.490022
0.201798 1.006455 67.483862 1.490022
0.202797 0.969576 67.576059 1.490022
0.203796 0.933447 67.666382 1.490022
0.204795 0.898069 67.754827 1.490022
0.205794 0.863444 67.841390 1.490022
0.206793 0.829573 67.926068 1.490022
0.207792 0.796457 68.008858 1.490022
0.208791 0.764097 68.089757 1.490022
0.209790 0.732496 68.168761 1.490022
0.210789 0.701653 68.245867 1.490022
0.211788 0.671571 68.321072 1.490022
0.212787 0.642251 68.394374 1.490022
0.213786 0.613693 68.465768 1.490022
0.214785 0.585899 68.535253 1.490022
0.215784 0.558870 68.602826 1.490022
0.216783 0.532606 68.668484 1.490022
0.217782 0.507110 68.732225 1.490022
0.218781 0.482382 68.794045 1.490022
0.219780 0.458423 68.853943 1.490022
0.220779 0.435234 68.911916 1.490022
0.221778 0.412815 68.967962 1.490022
0.222777 0.391168 69.022079 1.490022
0.223776 0.370294 69.074264 1.490022
0.224775 0.350194 69.124516 1.490022
0.225774 0.330867 69.172832 1.490022
0.226773 0.312316 69.219211 1.490022
0.227772 0.294540 69.263651 1.490022
0.228771 0.277540 69.306150 1.490022
0.229770 0.261318 69.346706 1.490022
0.230769 0.245873 69.385318 1.490022
0.231768 0.231207 69.421984 1.490022
0.232767 0.217319 69.456703 1.490022
0.233766 0.204211 69.489473 1.490022
0.234765 0.191883 69.520293 1.490022
0.235764 0.180335 69.549163 1.490022
0.236763 0.169568 69.576080 1.490022
0.237762 0.159582 69.601044 1.490022
0.238761 0.150378 69.624054 1.490022
0.239760 0.141957 69.645108 1.490022
0.240759 0.134317 69.664207 1.490022
0.241758 0.127461 69.681349 1.490022
0.242757 0.121387 69.696533 1.490022
0.243756 0.116096 69.709759 1.490022
0.244755 0.111589 69.721027 1.490022
0.245754 0.107866 69.730336 1.490022
0.246753 0.104926 69.737686 1.490022
0.247752 0.102770 69.743075 1.490022
0.248751 0.101398 69.746505 1.490022
0.249750 0.100810 69.747976 1.490022
0.250749 0.101006 69.747485 1.490022
0.251748 0.101986 69.745035 1.490022
0.252747 0.103750 69.740625 1.490022
0.253746 0.106298 69.734256 1.490022
0.254745 0.109629 69.725927 1.490022
0.255744 0.113745 69.715638 1.490022
0.256743 0.118644 69.703391 1.490022
0.257742 0.124326 69.689186 1.490022
0.258741 0.130791 69.673022 1.490022
0.259740 0.138039 69.654902 1.490022
0.260739 0.146070 69.634825 1.490022
0.261738 0.154883 69.612793 1.490022
0.262737 0.164477 69.588806 1.490022
0.263736 0.174854 69.562866 1.490022
0.264735 0.186011 69.534972 1.490022
0.265734 0.197949 69.505127 1.490022
0.266733 0.210667 69.473331 1.490022
0.267732 0.224165 69.439587 1.490022
0.268731 0.238442 69.403894 1.490022
0.269730 0.253498 69.366255 1.490022
0.270729 0.269332 69.326671 1.490022
0.271728 0.285943 69.285143 1.490022
0.272727 0.303331 69.241673 1.490022
0.273726 0.321494 69.196264 1.490022
0.274725 0.340434 69.148916 1.490022
0.275724 0.360147 69.099632 1.490022
0.276723 0.380635 69.048413 1.490022
0.277722 0.401895 68.995262 1.490022
0.278721 0.423928 68.940180 1.490022
0.279720 0.446732 68.883170 1.490022
0.280719 0.470306 68.824234 1.490022
0.281718 0.494650 68.763375 1.490022
0.282717 0.519762 68.700594 1.490022
0.283716 0.545642 68.635895 1.490022
0.284715 0.572288 68.569279 1.490022
0.285714 0.599700 68.500750 1.490022
0.286713 0.627876 68.430309 1.490022
0.287712 0.656816 68.357961 1.490022
0.288711 0.686517 68.283707 1.490022
0.289710 0.716979 68.207551 1.490022
0.290709 0.748202 68.129496 1.490022
0.291708 0.780182 68.049544 1.490022
0.292707 0.812920 67.967700 1.490022
0.293706 0.846414 67.883965 1.490022
0.294705 0.880663 67.798344 1.490022
0.295704 0.915664 67.710839 1.490022
0.296703 0.951418 67.621455 1.490022
0.297702 0.987922 67.530194 1.490022
0.298701 1.025175 67.437061 1.490022
0.299700 1.063176 67.342059 1.490022
0.300699 1.101923 67.245192 1.490022
0.301698 1.141415 67.146463 1.490022
0.302697 1.181649 67.045876 1.490022
0.303696 1.222625 66.943436 1.490022
0.304695 1.264341 66.839147 1.490022
0.305694 1.306795 66.733012 1.490022
0.306693 1.349986 66.625036 1.490022
0.307692 1.393911 66.515222 1.490022
0.308691 1.438569 66.403577 1.490022
0.309690 1.483959 66.290102 1.490022
0.310689 1.530078 66.174804 1.490022
0.311688 1.576925 66.057687 1.490022
0.312687 1.624498 65.938755 1.490022
0.313686 1.672795 65.818013 1.490022
0.314685 1.721813 65.695466 1.490022
0.315684 1.771552 65.571119 1.490022
0.316683 1.822010 65.444976 1.490022
0.317682 1.873183 65.317043 1.490022
0.318681 1.925071 65.187324 1.490022
0.319680 1.977670 65.055824 1.490022
0.320679 2.030980 64.922550 1.490022
0.321678 2.084998 64.787506 1.490022
0.322677 2.139721 64.650697 1.490022
0.323676 2.195149 64.512129 1.490022
0.324675 2.251277 64.371807 1.490022
0.325674 2.308105 64.229736 1.490022
0.326673 2.365631 64.085924 1.490022
0.327672 2.423850 63.940374 1.490022
0.328671 2.482763 63.793093 1.490022
0.329670 2.542365 63.644087 1.490022
0.330669 2.602656 63.493361 1.490022
0.331668 2.663632 63.340921 1.490022
0.332667 2.725290 63.186774 1.490022
0.333666 2.787630 63.030925 1.490022
0.334665 2.850647 62.873381 1.490022
0.335664 2.914341 62.714148 1.490022
0.336663 2.978707 62.553232 1.490022
0.337662 3.043744 62.390639 1.490022
0.338661 3.109450 62.226376 1.490022
0.339660 3.175820 62.060450 1.490022
0.340659 3.242854 61.892866 1.490022
0.341658 3.310547 61.723631 1.490022
0.342657 3.378899 61.552753 1.490022
0.343656 3.447905 61.380238 1.490022
0.344655 3.517563 61.206092 1.490022
0.345654 3.587871 61.030323 1.490022
0.346653 3.658825 60.852937 1.490022
0.347652 3.730423 60.673942 1.490022
0.348651 3.802662 60.493344 1.490022
0.349650 3.875540 60.311150 1.490022
0.350649 3.949052 60.127369 1.490022
0.351648 4.023197 59.942006 1.490022
0.352647 4.097972 59.755070 1.490022
0.353646 4.173373 59.566567 1.490022
0.354645 4.249398 59.376506 1.490022
0.355644 4.326043 59.184893 1.490022
0.356643 4.403305 58.991736 1.490022
0.357642 4.481183 58.797043 1.490022
0.358641 4.559671 58.600822 1.490022
0.359640 4.638768 58.403079 1.490022
0.360639 4.718471 58.203824 1.490022
0.361638 4.798775 58.003063 1.490022
0.362637 4.879678 57.800805 1.490022
0.363636 4.961177 57.597058 1.490022
0.364635 5.043268 57.391829 1.490022
0.365634 5.125949 57.185127 1.490022
0.366633 5.209216 56.976960 1.490022
0.367632 5.293065 56.767336 1.490022
0.368631 5.377494 56.556264 1.490022
0.369630 5.462500 56.343751 1.490022
0.370629 5.548077 56.129806 1.490022
0.371628 5.634225 55.914438 1.490022
0.372627 5.720938 55.697655 1.490022
0.373626 5.808214 55.479466 1.490022
0.374625 5.896049 55.259878 1.490022
0.375624 5.984439 55.038901 1.490022
0.376623 6.073382 54.816544 1.490022
0.377622 6.162874 54.592815 1.490022
0.378621 6.252911 54.367723 1.490022
0.379620 6.343489 54.141277 1.490022
0.380619 6.434606 53.913486 1.490022
0.381618 6.526256 53.684359 1.490022
0.382617 6.618438 53.453904 1.490022
0.383616 6.711147 53.222132 1.490022
0.384615 6.804380 52.989050 1.490022
0.385614 6.898132 52.754669 1.490022
0.386613 6.992401 52.518997 1.490022
0.387612 7.087182 52.282045 1.490022
0.388611 7.182472 52.043820 1.490022
0.389610 7.278267 51.804332 1.490022
0.390609 7.374563 51.563592 1.490022
0.391608 7.471357 51.321608 1.490022
0.392607 7.568644 51.078390 1.490022
0.393606 7.666421 50.833947 1.490022
0.394605 7.764684 50.588290 1.490022
0.395604 7.863429 50.341427 1.490022
0.396603 7.962652 50.093369 1.490022
0.397602 8.062350 49.844126 1.490022
0.398601 8.162518 49.593706 1.490022
0.399600 8.263152 49.342121 1.490022
0.400599 8.364248 49.089379 1.490022
0.401598 8.465803 48.835492 1.490022
0.402597 8.567813 48.580468 1.490022
0.403596 8.670273 48.324318 1.490022
0.404595 8.773179 48.067052 1.490022
0.405594 8.876528 47.808681 1.490022
0.406593 8.980315 47.549214 1.490022
0.407592 9.084536 47.288661 1.490022
0.408591 9.189187 47.027033 1.490022
0.409590 9.294264 46.764340 1.490022
0.410589 9.399763 46.500593 1.490022
0.411588 9.505679 46.235802 1.490022
0.412587 9.612009 45.969977 1.490022
0.413586 9.718748 45.703129 1.490022
0.414585 9.825893 45.435268 1.490022
0.415584 9.933438 45.166405 1.490022
0.416583 10.041380 44.896551 1.490022
0.417582 10.149714 44.625715 1.490022
0.418581 10.258436 44.353910 1.490022
0.419580 10.367542 44.081144 1.490022
0.420579 10.477028 43.807430 1.490022
0.421578 10.586889 43.532778 1.490022
0.422577 10.697120 43.257199 1.490022
0.423576 10.807718 42.980704 1.490022
0.424575 10.918679 42.703303 1.490022
0.425574 11.029997 42.425008 1.490022
0.426573 11.141669 42.145829 1.490022
0.427572 11.253689 41.865777 1.490022
0.428571 11.366054 41.584864 1.490022
0.429570 11.478760 41.303101 1.490022
0.430569 11.591801 41.020498 1.490022
0.431568 11.705173 40.737067 1.490022
0.432567 11.818872 40.452819 1.490022
0.433566 11.932894 40.167765 1.490022
0.434565 12.047233 39.881917 1.490022
0.435564 12.161886 39.595285 1.490022
0.436563 12.276847 39.307882 1.490022
0.437562 12.392113 39.019717 1.490022
0.438561 12.507679 38.730803 1.490022
0.439560 12.623539 38.441151 1.490022
0.440559 12.739691 38.150773 1.490022
0.441558 12.856128 37.859680 1.490022
0.442557 12.972847 37.567882 1.490022
0.443556 13.089843 37.275393 1.490022
0.444555 13.207111 36.982223 1.490022
0.445554 13.324646 36.688384 1.490022
0.446553 13.442445 36.393887 1.490022
0.447552 13.560502 36.098745 1.490022
0.448551 13.678813 35.802968 1.490022
0.449550 13.797373 35.506569 1.490022
0.450549 13.916177 35.209558 1.490022
0.451548 14.035221 34.911949 1.490022
0.452547 14.154499 34.613751 1.490022
0.453546 14.274009 34.314979 1.490022
0.454545 14.393743 34.015642 1.490022
0.455544 14.513699 33.715752 1.490022
0.456543 14.633871 33.415323 1.490022
0.457542 14.754254 33.114365 1.490022
0.458541 14.874844 32.812890 1.490022
0.459540 14.995636 32.510911 1.490022
0.460539 15.116625 32.208438 1.490022
0.461538 15.237806 31.905484 1.490022
0.462537 15.359175 31.602062 1.490022
0.463536 15.480727 31.298182 1.490022
0.464535 15.602457 30.993857 1.490022
0.465534 15.724360 30.689099 1.490022
0.466533 15.846432 30.383920 1.490022
0.467532 15.968667 30.078332 1.490022
0.468531 16.091061 29.772347 1.490022
0.469530 16.213610 29.465976 1.490022
0.470529 16.336307 29.159233 1.490022
0.471528 16.459149 28.852129 1.490022
0.472527 16.582130 28.544676 1.490022
0.473526 16.705246 28.236886 1.490022
0.474525 16.828491 27.928772 1.490982
0.475524 16.951862 27.620345 1.500964
0.476523 17.075353 27.311619 1.517906
0.477522 17.198958 27.002604 1.536954
0.478521 17.322675 26.693313 1.552793
0.479520 17.446497 26.383759 1.559078
0.480519 17.570419 26.073953 1.559078
0.481518 17.694437 25.763907 1.559078
0.482517 17.818546 25.453635 1.559078
0.483516 17.942741 25.143148 1.559078
0.484515 18.067017 24.832458 1.559078
0.485514 18.191369 24.521577 1.559078
0.486513 18.315792 24.210519 1.559078
0.487512 18.440282 23.899295 1.559078
0.488511 18.564833 23.587917 1.559078
0.489510 18.689441 23.276397 1.559078
0.490509 18.814100 22.964749 1.559078
0.491508 18.938806 22.652984 1.559078
0.492507 19.063554 22.341114 1.559078
0.493506 19.188339 22.029152 1.559078
0.494505 19.313156 21.717110 1.559078
0.495504 19.438000 21.405001 1.559078
0.496503 19.562866 21.092836 1.559078
0.497502 19.687749 20.780628 1.559078
0.498501 19.812644 20.468389 1.559078
0.499500 19.937547 20.156132 1.559078
0.500500 20.062453 19.843868 1.559078
0.501499 20.187356 19.531611 1.559078
0.502498 20.312251 19.219372 1.559078
0.503497 20.437134 18.907164 1.559078
0.504496 20.562000 18.594999 1.559078
0.505495 20.686844 18.282890 1.559078
0.506494 20.811661 17.970848 1.559078
0.507493 20.936446 17.658886 1.559078
0.508492 21.061194 17.347016 1.559078
0.509491 21.185900 17.035251 1.559078
0.510490 21.310559 16.723603 1.559078
0.511489 21.435167 16.412083 1.559078
0.512488 21.559718 16.100705 1.559078
0.513487 21.684208 15.789481 1.559078
0.514486 21.808631 15.478423 1.559078
0.515485 21.932983 15.167542 1.559078
0.516484 22.057259 14.856852 1.559078
0.517483 22.181454 14.546365 1.559078
0.518482 22.305563 14.236093 1.559078
0.519481 22.429581 13.926047 1.559078
0.520480 22.553503 13.616241 1.559078
0.521479 22.677325 13.306687 1.552793
0.522478 22.801042 12.997396 1.536954
0.523477 22.924647 12.688381 1.517906
0.524476 23.048138 12.379655 1.500964
0.525475 23.171509 12.071228 1.490982
0.526474 23.294754 11.763114 1.490022
0.527473 23.417870 11.455324 1.490022
0.528472 23.540851 11.147871 1.490022
0.529471 23.663693 10.840767 1.490022
0.530470 23.786390 10.534024 1.490022
0.531469 23.908939 10.227653 1.490022
0.532468 24.031333 9.921668 1.490022
0.533467 24.153568 9.616080 1.490022
0.534466 24.275640 9.310901 1.490022
0.535465 24.397543 9.006143 1.490022
0.536464 24.519273 8.701818 1.490022
0.537463 24.640825 8.397938 1.490022
0.538462 24.762194 8.094516 1.490022
0.539461 24.883375 7.791562 1.490022
0.540460 25.004364 7.489089 1.490022
0.541459 25.125156 7.187110 1.490022
0.542458 25.245746 6.885635 1.490022
0.543457 25.366129 6.584677 1.490022
0.544456 25.486301 6.284248 1.490022
0.545455 25.606257 5.984358 1.490022
0.546454 25.725991 5.685021 1.490022
0.547453 25.845501 5.386249 1.490022
0.548452 25.964779 5.088051 1.490022
0.549451 26.083823 4.790442 1.490022
0.550450 26.202627 4.493431 1.490022
0.551449 26.321187 4.197032 1.490022
0.552448 26.439498 3.901255 1.490022
0.553447 26.557555 3.606113 1.490022
0.554446 26.675354 3.311616 1.490022
0.555445 26.792889 3.017777 1.490022
0.556444 26.910157 2.724607 1.490022
0.557443 27.027153 2.432118 1.490022
0.558442 27.143872 2.140320 1.490022
0.559441 27.260309 1.849227 1.490022
0.560440 27.376461 1.558849 1.490022
0.561439 27.492321 1.269197 1.490022
0.562438 27.607887 0.980283 1.490022
0.563437 27.723153 0.692118 1.490022
0.564436 27.838114 0.404715 1.490022
0.565435 27.952767 0.118083 1.490022
0.566434 28.067106 -0.167765 1.490022
0.567433 28.181128 -0.452819 1.490022
0.568432 28.294827 -0.737067 1.490022
0.569431 28.408199 -1.020498 1.490022
0.570430 28.521240 -1.303101 1.490022
0.571429 28.633946 -1.584864 1.490022
0.572428 28.746311 -1.865777 1.490022
0.573427 28.858331 -2.145829 1.490022
0.574426 28.970003 -2.425008 1.490022
0.575425 29.081321 -2.703303 1.490022
0.576424 29.192282 -2.980704 1.490022
0.577423 29.302880 -3.257199 1.490022
0.578422 29.413111 -3.532778 1.490022
0.579421 29.522972 -3.807430 1.490022
0.580420 29.632458 -4.081144 1.490022
0.581419 29.741564 -4.353910 1.490022
0.582418 29.850286 -4.625715 1.490022
0.583417 29.958620 -4.896551 1.490022
0.584416 30.066562 -5.166405 1.490022
0.585415 30.174107 -5.435268 1.490022
0.586414 30.281252 -5.703129 1.490022
0.587413 30.387991 -5.969977 1.490022
0.588412 30.494321 -6.235802 1.490022
0.589411 30.600237 -6.500593 1.490022
0.590410 30.705736 -6.764340 1.490022
0.591409 30.810813 -7.027033 1.490022
0.592408 30.915464 -7.288661 1.490022
0.593407 31.019685 -7.549214 1.490022
0.594406 31.123472 -7.808681 1.490022
0.595405 31.226821 -8.067052 1.490022
0.596404 31.329727 -8.324318 1.490022
0.597403 31.432187 -8.580468 1.490022
0.598402 31.534197 -8.835492 1.490022
0.599401 31.635752 -9.089379 1.490022
0.600400 31.736848 -9.342121 1.490022
0.601399 31.837482 -9.593706 1.490022
0.602398 31.937650 -9.844126 1.490022
0.603397 32.037348 -10.093369 1.490022
0.604396 32.136571 -10.341427 1.490022
0.605395 32.235316 -10.588290 1.490022
0.606394 32.333579 -10.833947 1.490022
0.607393 32.431356 -11.078390 1.490022
0.608392 32.528643 -11.321608 1.490022
0.609391 32.625437 -11.563592 1.490022
0.610390 32.721733 -11.804332 1.490022
0.611389 32.817528 -12.043820 1.490022
0.612388 32.912818 -12.282045 1.490022
0.613387 33.007599 -12.518997 1.490022
0.614386 33.101868 -12.754669 1.490022
0.615385 33.195620 -12.989050 1.490022
0.616384 33.288853 -13.222132 1.490022
0.617383 33.381562 -13.453904 1.490022
0.618382 33.473744 -13.684359 1.490022
0.619381 33.565394 -13.913486 1.490022
0.620380 33.656511 -14.141277 1.490022
0.621379 33.747089 -14.367723 1.490022
0.622378 33.837126 -14.592815 1.490022
0.623377 33.926618 -14.816544 1.490022
0.624376 34.015561 -15.038901 1.490022
0.625375 34.103951 -15.259878 1.490022
0.626374 34.191786 -15.479466 1.490022
0.627373 34.279062 -15.697655 1.490022
0.628372 34.365775 -15.914438 1.490022
0.629371 34.451923 -16.129806 1.490022
0.630370 34.537500 -16.343751 1.490022
0.631369 34.622506 -16.556264 1.490022
0.632368 34.706935 -16.767336 1.490022
0.633367 34.790784 -16.976960 1.490022
0.634366 34.874051 -17.185127 1.490022
0.635365 34.956732 -17.391829 1.490022
0.636364 35.038823 -17.597058 1.490022
0.637363 35.120322 -17.800805 1.490022
0.638362 35.201225 -18.003063 1.490022
0.639361 35.281529 -18.203824 1.490022
0.640360 35.361232 -18.403079 1.490022
0.641359 35.440329 -18.600822 1.490022
0.642358 35.518817 -18.797043 1.490022
0.643357 35.596695 -18.991736 1.490022
0.644356 35.673957 -19.184893 1.490022
0.645355 35.750602 -19.376506 1.490022
0.646354 35.826627 -19.566567 1.490022
0.647353 35.902028 -19.755070 1.490022
0.648352 35.976803 -19.942006 1.490022
0.649351 36.050948 -20.127369 1.490022
0.650350 36.124460 -20.311150 1.490022
0.651349 36.197338 -20.493344 1.490022
0.652348 36.269577 -20.673942 1.490022
0.653347 36.341175 -20.852937 1.490022
0.654346 36.412129 -21.030323 1.490022
0.655345 36.482437 -21.206092 1.490022
0.656344 36.552095 -21.380238 1.490022
0.657343 36.621101 -21.552753 1.490022
0.658342 36.689453 -21.723631 1.490022
0.659341 36.757146 -21.892866 1.490022
0.660340 36.824180 -22.060450 1.490022
0.661339 36.890550 -22.226376 1.490022
0.662338 36.956256 -22.390639 1.490022
0.663337 37.021293 -22.553232 1.490022
0.664336 37.085659 -22.714148 1.490022
0.665335 37.149353 -22.873381 1.490022
0.666334 37.212370 -23.030925 1.490022
0.667333 37.274710 -23.186774 1.490022
0.668332 37.336368 -23.340921 1.490022
0.669331 37.397344 -23.493361 1.490022
0.670330 37.457635 -23.644087 1.490022
0.671329 37.517237 -23.793093 1.490022
0.672328 37.576150 -23.940374 1.490022
0.673327 37.634369 -24.085924 1.490022
0.674326 37.691895 -24.229736 1.490022
0.675325 37.748723 -24.371807 1.490022
0.676324 37.804851 -24.512129 1.490022
0.677323 37.860279 -24.650697 1.490022
0.678322 37.915002 -24.787506 1.490022
0.679321 37.969020 -24.922550 1.490022
0.680320 38.022330 -25.055824 1.490022
0.681319 38.074929 -25.187324 1.490022
0.682318 38.126817 -25.317043 1.490022
0.683317 38.177990 -25.444976 1.490022
0.684316 38.228448 -25.571119 1.490022
0.685315 38.278187 -25.695466 1.490022
0.686314 38.327205 -25.818013 1.490022
0.687313 38.375502 -25.938755 1.490022
0.688312 38.423075 -26.057687 1.490022
0.689311 38.469922 -26.174804 1.490022
0.690310 38.516041 -26.290102 1.490022
0.691309 38.561431 -26.403577 1.490022
0.692308 38.606089 -26.515222 1.490022
0.693307 38.650014 -26.625036 1.490022
0.694306 38.693205 -26.733012 1.490022
0.695305 38.735659 -26.839147 1.490022
0.696304 38.777375 -26.943436 1.490022
0.697303 38.818351 -27.045876 1.490022
0.698302 38.858585 -27.146463 1.490022
0.699301 38.898077 -27.245192 1.490022
0.700300 38.936824 -27.342059 1.490022
0.701299 38.974825 -27.437061 1.490022
0.702298 39.012078 -27.530194 1.490022
0.703297 39.048582 -27.621455 1.490022
0.704296 39.084336 -27.710839 1.490022
0.705295 39.119337 -27.798344 1.490022
0.706294 39.153586 -27.883965 1.490022
0.707293 39.187080 -27.967700 1.490022
0.708292 39.219818 -28.049544 1.490022
0.709291 39.251798 -28.129496 1.490022
0.710290 39.283021 -28.207551 1.490022
0.711289 39.313483 -28.283707 1.490022
0.712288 39.343184 -28.357961 1.490022
0.713287 39.372124 -28.430309 1.490022
0.714286 39.400300 -28.500750 1.490022
0.715285 39.427712 -28.569279 1.490022
0.716284 39.454358 -28.635895 1.490022
0.717283 39.480238 -28.700594 1.490022
0.718282 39.505350 -28.763375 1.490022
0.719281 39.529694 -28.824234 1.490022
0.720280 39.553268 -28.883170 1.490022
0.721279 39.576072 -28.940180 1.490022
0.722278 39.598105 -28.995262 1.490022
0.723277 39.619365 -29.048413 1.490022
0.724276 39.639853 -29.099632 1.490022
0.725275 39.659566 -29.148916 1.490022
0.726274 39.678506 -29.196264 1.490022
0.727273 39.696669 -29.241673 1.490022
0.728272 39.714057 -29.285143 1.490022
0.729271 39.730668 -29.326671 1.490022
0.730270 39.746502 -29.366255 1.490022
0.731269 39.761558 -29.403894 1.490022
0.732268 39.775835 -29.439587 1.490022
0.733267 39.789333 -29.473331 1.490022
0.734266 39.802051 -29.505127 1.490022
0.735265 39.813989 -29.534972 1.490022
0.736264 39.825146 -29.562866 1.490022
0.737263 39.835523 -29.588806 1.490022
0.738262 39.845117 -29.612793 1.490022
0.739261 39.853930 -29.634825 1.490022
0.740260 39.861961 -29.654902 1.490022
0.741259 39.869209 -29.673022 1.490022
0.742258 39.875674 -29.689186 1.490022
0.743257 39.881356 -29.703391 1.490022
0.744256 39.886255 -29.715638 1.490022
0.745255 39.890371 -29.725927 1.490022
0.746254 39.893702 -29.734256 1.490022
0.747253 39.896250 -29.740625 1.490022
0.748252 39.898014 -29.745035 1.490022
0.749251 39.898994 -29.747485 1.490022
0.750250 39.899190 -29.747976 1.490022
0.751249 39.898602 -29.746505 1.490022
0.752248 39.897230 -29.743075 1.490022
0.753247 39.895074 -29.737686 1.490022
0.754246 39.892134 -29.730336 1.490022
0.755245 39.888411 -29.721027 1.490022
0.756244 39.883904 -29.709759 1.490022
0.757243 39.878613 -29.696533 1.490022
0.758242 39.872539 -29.681349 1.490022
0.759241 39.865683 -29.664207 1.490022
0.760240 39.858043 -29.645108 1.490022
0.761239 39.849622 -29.624054 1.490022
0.762238 39.840418 -29.601044 1.490022
0.763237 39.830432 -29.576080 1.490022
0.764236 39.819665 -29.549163 1.490022
0.765235 39.808117 -29.520293 1.490022
0.766234 39.795789 -29.489473 1.490022
0.767233 39.782681 -29.456703 1.490022
0.768232 39.768793 -29.421984 1.490022
0.769231 39.754127 -29.385318 1.490022
0.770230 39.738682 -29.346706 1.490022
0.771229 39.722460 -29.306150 1.490022
0.772228 39.705460 -29.263651 1.490022
0.773227 39.687684 -29.219211 1.490022
0.774226 39.669133 -29.172832 1.490022
0.775225 39.649806 -29.124516 1.490022
0.776224 39.629706 -29.074264 1.490022
0.777223 39.608832 -29.022079 1.490022
0.778222 39.587185 -28.967962 1.490022
0.779221 39.564766 -28.911916 1.490022
0.780220 39.541577 -28.853943 1.490022
0.781219 39.517618 -28.794045 1.490022
0.782218 39.492890 -28.732225 1.490022
0.783217 39.467394 -28.668484 1.490022
0.784216 39.441130 -28.602826 1.490022
0.785215 39.414101 -28.535253 1.490022
0.786214 39.386307 -28.465768 1.490022
0.787213 39.357749 -28.394374 1.490022
0.788212 39.328429 -28.321072 1.490022
0.789211 39.298347 -28.245867 1.490022
0.790210 39.267504 -28.168761 1.490022
0.791209 39.235903 -28.089757 1.490022
0.792208 39.203543 -28.008858 1.490022
0.793207 39.170427 -27.926068 1.490022
0.794206 39.136556 -27.841390 1.490022
0.795205 39.101931 -27.754827 1.490022
0.796204 39.066553 -27.666382 1.490022
0.797203 39.030424 -27.576059 1.490022
0.798202 38.993545 -27.483862 1.490022
0.799201 38.955917 -27.389794 1.490022
0.800200 38.917543 -27.293858 1.490022
0.801199 38.878424 -27.196060 1.490022
0.802198 38.838561 -27.096402 1.490022
0.803197 38.797955 -26.994888 1.490022
0.804196 38.756609 -26.891523 1.490022
0.805195 38.714524 -26.786310 1.490022
0.806194 38.671701 -26.679254 1.490022
0.807193 38.628143 -26.570358 1.490022
0.808192 38.583851 -26.459628 1.490022
0.809191 38.538827 -26.347068 1.490022
0.810190 38.493072 -26.232681 1.490022
0.811189 38.446589 -26.116473 1.490022
0.812188 38.399379 -25.998448 1.490022
0.813187 38.351444 -25.878610 1.490022
0.814186 38.302786 -25.756965 1.490022
0.815185 38.253407 -25.633517 1.490022
0.816184 38.203309 -25.508272 1.490022
0.817183 38.152493 -25.381233 1.490022
0.818182 38.100962 -25.252406 1.490022
0.819181 38.048718 -25.121796 1.490022
0.820180 37.995763 -24.989409 1.490022
0.821179 37.942099 -24.855249 1.490022
0.822178 37.887729 -24.719321 1.490022
0.823177 37.832653 -24.581632 1.490022
0.824176 37.776875 -24.442186 1.490022
0.825175 37.720396 -24.300990 1.490022
0.826174 37.663219 -24.158048 1.490022
0.827173 37.605346 -24.013366 1.490022
0.828172 37.546780 -23.866950 1.490022
0.829171 37.487522 -23.718805 1.490022
0.830170 37.427575 -23.568938 1.490022
0.831169 37.366942 -23.417355 1.490022
0.832168 37.305624 -23.264061 1.490022
0.833167 37.243625 -23.109062 1.490022
0.834166 37.180946 -22.952365 1.490022
0.835165 37.117590 -22.793975 1.490022
0.836164 37.053560 -22.633900 1.490022
0.837163 36.988858 -22.472145 1.490022
0.838162 36.923486 -22.308716 1.490022
0.839161 36.857448 -22.143620 1.490022
0.840160 36.790746 -21.976864 1.490022
0.841159 36.723382 -21.808455 1.490022
0.842158 36.655359 -21.638397 1.490022
0.843157 36.586680 -21.466700 1.490022
0.844156 36.517347 -21.293368 1.490022
0.845155 36.447364 -21.118410 1.490022
0.846154 36.376733 -20.941832 1.490022
0.847153 36.305456 -20.763640 1.490022
0.848152 36.233537 -20.583843 1.490022
0.849151 36.160978 -20.402446 1.490022
0.850150 36.087783 -20.219458 1.490022
0.851149 36.013954 -20.034885 1.490022
0.852148 35.939494 -19.848734 1.490022
0.853147 35.864406 -19.661014 1.490022
0.854146 35.788692 -19.471731 1.490022
0.855145 35.712357 -19.280893 1.490022
0.856144 35.635403 -19.088507 1.490022
0.857143 35.557833 -18.894581 1.490022
0.858142 35.479649 -18.699123 1.490022
0.859141 35.400856 -18.502140 1.490022
0.860140 35.321456 -18.303640 1.490022
0.861139 35.241452 -18.103631 1.490022
0.862138 35.160848 -17.902121 1.490022
0.863137 35.079647 -17.699117 1.490022
0.864136 34.997851 -17.494628 1.490022
0.865135 34.915465 -17.288662 1.490022
0.866134 34.832490 -17.081226 1.490022
0.867133 34.748932 -16.872330 1.490022
0.868132 34.664792 -16.661981 1.490022
0.869131 34.580075 -16.450187 1.490022
0.870130 34.494783 -16.236957 1.490022
0.871129 34.408920 -16.022300 1.490022
0.872128 34.322489 -15.806223 1.490022
0.873127 34.235494 -15.588736 1.490022
0.874126 34.147938 -15.369846 1.490022
0.875125 34.059825 -15.149563 1.490022
0.876124 33.971158 -14.927895 1.490022
0.877123 33.881940 -14.704851 1.490022
0.878122 33.792176 -14.480439 1.490022
0.879121 33.701868 -14.254669 1.490022
0.880120 33.611020 -14.027549 1.490022
0.881119 33.519636 -13.799089 1.490022
0.882118 33.427719 -13.569297 1.490022
0.883117 33.335273 -13.338182 1.490022
0.884116 33.242302 -13.105754 1.490022
0.885115 33.148809 -12.872022 1.490022
0.886114 33.054798 -12.636994 1.490022
0.887113 32.960272 -12.400681 1.490022
0.888112 32.865236 -12.163090 1.490022
0.889111 32.769693 -11.924233 1.490022
0.890110 32.673647 -11.684118 1.490022
0.891109 32.577102 -11.442755 1.490022
0.892108 32.480061 -11.200152 1.490022
0.893107 32.382528 -10.956321 1.490022
0.894106 32.284508 -10.711270 1.490022
0.895105 32.186003 -10.465009 1.490022
0.896104 32.087019 -10.217547 1.490022
0.897103 31.987558 -9.968895 1.490022
0.898102 31.887625 -9.719062 1.490022
0.899101 31.787223 -9.468059 1.490022
0.900100 31.686358 -9.215894 1.490022
0.901099 31.585031 -8.962578 1.490022
0.902098 31.483248 -8.708121 1.490022
0.903097 31.381013 -8.452533 1.490022
0.904096 31.278330 -8.195824 1.490022
0.905095 31.175202 -7.938004 1.490022
0.906094 31.071633 -7.679083 1.490022
0.907093 30.967629 -7.419072 1.490022
0.908092 30.863192 -7.157981 1.490022
0.909091 30.758328 -6.895819 1.490022
0.910090 30.653039 -6.632598 1.490022
0.911089 30.547331 -6.368328 1.490022
0.912088 30.441207 -6.103018 1.490022
0.913087 30.334672 -5.836680 1.490022
0.914086 30.227730 -5.569324 1.490022
0.915085 30.120385 -5.300961 1.490022
0.916084 30.012640 -5.031601 1.490022
0.917083 29.904502 -4.761255 1.490022
0.918082 29.795973 -4.489933 1.490022
0.919081 29.687059 -4.217646 1.490022
0.920080 29.577762 -3.944405 1.490022
0.921079 29.468088 -3.670221 1.490022
0.922078 29.358042 -3.395104 1.490022
0.923077 29.247626 -3.119065 1.490022
0.924076 29.136846 -2.842116 1.490022
0.925075 29.025707 -2.564266 1.490022
0.926074 28.914211 -2.285528 1.490022
0.927073 28.802365 -2.005911 1.490022
0.928072 28.690171 -1.725428 1.490022
0.929071 28.577635 -1.444088 1.490022
0.930070 28.464761 -1.161904 1.490022
0.931069 28.351554 -0.878885 1.490022
0.932068 28.238018 -0.595045 1.490022
0.933067 28.124157 -0.310392 1.490022
0.934066 28.009976 -0.024940 1.490022
0.935065 27.895479 0.261302 1.490022
0.936064 27.780672 0.548321 1.490022
0.937063 27.665557 0.836106 1.490022
0.938062 27.550141 1.124647 1.490022
0.939061 27.434428 1.413931 1.490022
0.940060 27.318421 1.703948 1.490022
0.941059 27.202126 1.994685 1.490022
0.942058 27.085547 2.286132 1.490022
0.943057 26.968689 2.578277 1.490022
0.944056 26.851557 2.871108 1.490022
0.945055 26.734155 3.164614 1.490022
0.946054 26.616487 3.458783 1.490022
0.947053 26.498558 3.753604 1.490022
0.948052 26.380374 4.049065 1.490022
0.949051 26.261938 4.345155 1.490022
0.950050 26.143256 4.641861 1.490022
0.951049 26.024331 4.939172 1.490022
0.952048 25.905169 5.237077 1.490022
0.953047 25.785774 5.535564 1.490022
0.954046 25.666152 5.834620 1.490022
0.955045 25.546306 6.134235 1.490022
0.956044 25.426242 6.434395 1.490022
0.957043 25.305964 6.735091 1.490022
0.958042 25.185477 7.036309 1.490022
0.959041 25.064785 7.338037 1.490022
0.960040 24.943894 7.640265 1.490022
0.961039 24.822808 7.942979 1.490022
0.962038 24.701532 8.246169 1.490022
0.963037 24.580071 8.549822 1.490022
0.964036 24.458430 8.853925 1.490022
0.965035 24.336613 9.158468 1.490022
0.966034 24.214625 9.463438 1.490022
0.967033 24.092471 9.768824 1.490022
0.968032 23.970155 10.074612 1.490022
0.969031 23.847683 10.380791 1.490022
0.970030 23.725060 10.687350 1.490022
0.971029 23.602290 10.994275 1.490022
0.972028 23.479378 11.301555 1.490022
0.973027 23.356329 11.609178 1.490022
0.974026 23.233148 11.917131 1.490022
0.975025 23.109839 12.225403 1.490770
0.976024 22.986408 12.533981 1.492326
0.977023 22.862859 12.842854 1.494285
0.978022 22.739197 13.152008 1.496500
0.979021 22.615427 13.461432 1.498566
0.980020 22.491554 13.771114 1.499544
0.981019 22.367584 14.081041 1.500281
0.982018 22.243519 14.391201 1.500994
0.983017 22.119367 14.701583 1.501721
0.984016 21.995131 15.012173 1.502398
0.985015 21.870816 15.322959 1.503022
0.986014 21.746428 15.633930 1.503613
0.987013 21.621971 15.945073 1.504072
0.988012 21.497450 16.256376 1.504578
0.989011 21.372870 16.567826 1.505006
0.990010 21.248235 16.879411 1.505415
0.991009 21.123552 17.191120 1.505756
0.992008 20.998824 17.502939 1.506143
0.993007 20.874058 17.814856 1.506403
0.994006 20.749256 18.126860 1.506650
0.995005 20.624425 18.438937 1.506868
0.996004 20.499570 18.751076 1.507038
0.997003 20.374694 19.063264 1.507144
0.998002 20.249805 19.375489 1.507211
0.999001 20.124905 19.687738 1.507312
1.000000 20.000000 20.000000 1.507252
1.000999 19.875095 20.312262 1.507312
